[[0.    0.296 0.332 0.46  0.475 0.496 0.539 0.603 0.482 0.407 0.392 0.35 0.353 0.339 0.289 0.542 0.567 0.646 0.614 0.66  0.525 0.56  0.66  0.785 0.453 0.646]
 [0.296 0.    0.142 0.189 0.221 0.228 0.325 0.414 0.332 0.3   0.339 0.35 0.317 0.242 0.239 0.453 0.557 0.625 0.542 0.589 0.571 0.642 0.796 0.957
  0.639 0.703]
 [0.332 0.142 0.    0.15  0.15  0.175 0.21  0.289 0.192 0.157 0.207 0.228
  0.192 0.11  0.128 0.307 0.417 0.482 0.4   0.446 0.442 0.525 0.689 0.86
  0.56  0.575]
 [0.46  0.189 0.15  0.    0.039 0.039 0.164 0.257 0.232 0.25  0.314 0.357
  0.317 0.235 0.271 0.364 0.507 0.557 0.453 0.496 0.553 0.642 0.814 0.992
  0.703 0.678]
 [0.475 0.221 0.15  0.039 0.    0.032 0.125 0.217 0.196 0.221 0.292 0.339
  0.3   0.221 0.264 0.332 0.475 0.521 0.417 0.457 0.528 0.617 0.792 0.971
  0.692 0.65 ]
 [0.496 0.228 0.175 0.039 0.032 0.    0.139 0.232 0.225 0.253 0.321 0.367
  0.328 0.253 0.292 0.357 0.503 0.546 0.442 0.482 0.557 0.646 0.821 1.
  0.721 0.678]
 [0.539 0.325 0.21  0.164 0.125 0.139 0.    0.092 0.121 0.185 0.253 0.314
  0.275 0.225 0.278 0.235 0.392 0.425 0.314 0.35  0.464 0.557 0.735 0.917
  0.671 0.571]
 [0.603 0.414 0.289 0.257 0.217 0.232 0.092 0.    0.132 0.21  0.267 0.328
  0.296 0.271 0.325 0.192 0.35  0.367 0.25  0.278 0.435 0.528 0.707 0.892
  0.671 0.528]
 [0.482 0.332 0.192 0.232 0.196 0.225 0.121 0.132 0.    0.078 0.139 0.2
  0.167 0.142 0.196 0.132 0.278 0.325 0.221 0.264 0.342 0.435 0.614 0.796
  0.553 0.457]
 [0.407 0.3   0.157 0.25  0.221 0.253 0.185 0.21  0.078 0.    0.071 0.128
  0.092 0.071 0.121 0.153 0.264 0.325 0.242 0.292 0.307 0.396 0.571 0.75
  0.485 0.432]
 [0.392 0.339 0.207 0.314 0.292 0.321 0.253 0.267 0.139 0.071 0.    0.064
  0.039 0.096 0.114 0.15  0.217 0.285 0.228 0.275 0.242 0.328 0.5   0.678
  0.414 0.367]
 [0.35  0.35  0.228 0.357 0.339 0.367 0.314 0.328 0.2   0.128 0.064 0.
  0.039 0.121 0.11  0.2   0.225 0.303 0.267 0.31  0.221 0.296 0.46  0.635
  0.357 0.353]
 [0.353 0.317 0.192 0.317 0.3   0.328 0.275 0.296 0.167 0.092 0.039 0.039
  0.    0.082 0.085 0.189 0.242 0.317 0.264 0.31  0.253 0.332 0.5   0.675
  0.396 0.382]
 [0.339 0.242 0.11  0.235 0.221 0.253 0.225 0.271 0.142 0.071 0.096 0.121
  0.082 0.    0.053 0.221 0.31  0.378 0.31  0.357 0.332 0.414 0.582 0.757
  0.471 0.464]
 [0.289 0.239 0.128 0.271 0.264 0.292 0.278 0.325 0.196 0.121 0.114 0.11
  0.085 0.053 0.    0.26  0.328 0.4   0.342 0.389 0.332 0.403 0.564 0.732
  0.435 0.464]
 [0.542 0.453 0.307 0.364 0.332 0.357 0.235 0.192 0.132 0.153 0.15  0.2
  0.189 0.221 0.26  0.    0.157 0.192 0.092 0.139 0.242 0.335 0.514 0.7
  0.496 0.339]
 [0.567 0.557 0.417 0.507 0.475 0.503 0.392 0.35  0.278 0.264 0.217 0.225
  0.242 0.31  0.328 0.157 0.    0.078 0.121 0.135 0.107 0.189 0.364 0.55
  0.389 0.182]
 [0.646 0.625 0.482 0.557 0.521 0.546 0.425 0.367 0.325 0.325 0.285 0.303
  0.317 0.378 0.4   0.192 0.078 0.    0.117 0.103 0.164 0.228 0.382 0.56
  0.446 0.182]
 [0.614 0.542 0.4   0.453 0.417 0.442 0.314 0.25  0.221 0.242 0.228 0.267
  0.264 0.31  0.342 0.092 0.121 0.117 0.    0.046 0.225 0.31  0.482 0.664
  0.503 0.289]
 [0.66  0.589 0.446 0.496 0.457 0.482 0.35  0.278 0.264 0.292 0.275 0.31
  0.31  0.357 0.389 0.139 0.135 0.103 0.046 0.    0.242 0.321 0.485 0.664
  0.528 0.282]
 [0.525 0.571 0.442 0.553 0.528 0.557 0.464 0.435 0.342 0.307 0.242 0.221
  0.253 0.332 0.332 0.242 0.107 0.164 0.225 0.242 0.    0.092 0.275 0.457
  0.285 0.132]
 [0.56  0.642 0.525 0.642 0.617 0.646 0.557 0.528 0.435 0.396 0.328 0.296
  0.332 0.414 0.403 0.335 0.189 0.228 0.31  0.321 0.092 0.    0.178 0.364
  0.232 0.096]
 [0.66  0.796 0.689 0.814 0.792 0.821 0.735 0.707 0.614 0.571 0.5   0.46
  0.5   0.582 0.564 0.514 0.364 0.382 0.482 0.485 0.275 0.178 0.    0.182
  0.228 0.207]
 [0.785 0.957 0.86  0.992 0.971 1.    0.917 0.892 0.796 0.75  0.678 0.635
  0.675 0.757 0.732 0.7   0.55  0.56  0.664 0.664 0.457 0.364 0.182 0.
  0.332 0.382]
 [0.453 0.639 0.56  0.703 0.692 0.721 0.671 0.671 0.553 0.485 0.414 0.357
  0.396 0.471 0.435 0.496 0.389 0.446 0.503 0.528 0.285 0.232 0.228 0.332
  0.    0.321]
 [0.646 0.703 0.575 0.678 0.65  0.678 0.571 0.528 0.457 0.432 0.367 0.353
  0.382 0.464 0.464 0.339 0.182 0.182 0.289 0.282 0.132 0.096 0.207 0.382
  0.321 0.   ]]