



[[0.    0.849 0.344 0.122 0.553 0.201 0.107 0.179 0.347 0.677 0.473 0.434 0.093 0.283 0.359 0.33  0.162]
 [0.849 0.    0.523 0.887 0.304 0.655 0.767 0.711 0.744 0.387 0.378 0.856 0.761 0.625 0.563 1.    0.695]
 [0.344 0.523 0.    0.306 0.226 0.15  0.263 0.206 0.499 0.351 0.147 0.586 0.256 0.099 0.071 0.633 0.19 ]
 [0.122 0.887 0.306 0.    0.514 0.161 0.103 0.14  0.234 0.638 0.434 0.322 0.036 0.244 0.32  0.318 0.112]
 [0.553 0.304 0.226 0.514 0.    0.358 0.471 0.414 0.453 0.263 0.081 0.565 0.464 0.326 0.267 0.708 0.398]
 [0.201 0.655 0.15  0.161 0.358 0.    0.084 0.045 0.354 0.483 0.279 0.441 0.111 0.14  0.165 0.488 0.046]
 [0.107 0.767 0.263 0.103 0.471 0.084 0.    0.038 0.311 0.595 0.391 0.398 0.063 0.201 0.277 0.445 0.038]
 [0.179 0.711 0.206 0.14  0.414 0.045 0.038 0.    0.334 0.539 0.335 0.421 0.091 0.144 0.221 0.468 0.048]
 [0.347 0.744 0.499 0.234 0.453 0.354 0.311 0.334 0.    0.664 0.472 0.127 0.253 0.437 0.514 0.271 0.316]
 [0.677 0.387 0.351 0.638 0.263 0.483 0.595 0.539 0.664 0.    0.206 0.775 0.589 0.451 0.322 0.919 0.523]
 [0.473 0.378 0.147 0.434 0.081 0.279 0.391 0.335 0.472 0.206 0.    0.583 0.385 0.246 0.187 0.727 0.319]
 [0.434 0.856 0.586 0.322 0.565 0.441 0.398 0.421 0.127 0.775 0.583 0.    0.34  0.524 0.601 0.21  0.404]
 [0.093 0.761 0.256 0.036 0.464 0.111 0.063 0.091 0.253 0.589 0.385 0.34  0.    0.194 0.271 0.387 0.073]
 [0.283 0.625 0.099 0.244 0.326 0.14  0.201 0.144 0.437 0.451 0.246 0.524 0.194 0.    0.076 0.571 0.128]
 [0.359 0.563 0.071 0.32  0.267 0.165 0.277 0.221 0.514 0.322 0.187 0.601 0.271 0.076 0.    0.648 0.205]
 [0.33  1.    0.633 0.318 0.708 0.488 0.445 0.468 0.271 0.919 0.727 0.21  0.387 0.571 0.648 0.    0.451]
 [0.162 0.695 0.19  0.112 0.398 0.046 0.038 0.048 0.316 0.523 0.319 0.404 0.073 0.128 0.205 0.451 0.   ]]